SORTING AND SEARCHING ALGORITHMS TEST PROGRAM

The program creates and array of 1000 randomly generated numbers for a 
user entered number of times, makes a copy of the array, runs selection 
sort on one copy and insertion sort on the other and then allows the 
user to continually enter an item to search from the list. The user can 
enter -1 to exit the search loop and continue with the next sort operations
or 0 to exit the application.
On each sort and search, the program displays the number of key comparisons 
and swaps(where applicable). Before the programs exits after a successful run,
it displays the name of the programmer.

Enter the number of times to run the algorithms
3
Array unsorted:
10899 
20013 
14510 
11251 
25015 
23006 
3201 
11524 
17702 
26349 
32132 
22187 
612 
28634 
21256 
28291 
13809 
5943 
32034 
23772 
15657 
16897 
5551 
14772 
24425 
11312 
29334 
9699 
4723 
11149 
11597 
17557 
24084 
5316 
17311 
26877 
8964 
30394 
13740 
19528 
18701 
8224 
17713 
24528 
6255 
9033 
14857 
3987 
17028 
19512 
20468 
2275 
23968 
15614 
12696 
22879 
22587 
9283 
9413 
31265 
10066 
16930 
19453 
6969 
13322 
12090 
8500 
17242 
19607 
6657 
3540 
6100 
7260 
28252 
17412 
24770 
28499 
7021 
15658 
7557 
17584 
27564 
430 
15729 
29889 
9018 
7682 
20677 
28185 
22642 
26847 
17889 
19949 
15040 
32465 
1715 
22462 
15286 
5877 
2675 
4152 
20060 
5377 
12176 
32603 
12488 
31878 
29162 
24024 
29679 
10610 
20801 
12734 
13755 
29145 
31725 
7765 
16734 
5365 
4560 
27466 
2533 
7019 
5002 
1805 
13072 
3279 
20971 
2168 
7265 
7787 
29102 
29617 
8819 
16188 
22372 
18001 
2701 
9534 
4014 
3782 
19575 
16362 
1967 
4854 
11916 
13308 
10689 
18980 
26641 
17529 
12903 
11800 
15813 
19697 
20868 
10106 
19641 
12545 
27594 
6528 
30562 
25885 
4212 
20681 
10477 
29836 
30520 
22920 
25298 
10420 
6775 
228 
18604 
13720 
16824 
1439 
7752 
3999 
4180 
15350 
27644 
20119 
27762 
10441 
15674 
16889 
21046 
22524 
11620 
6767 
26422 
29213 
14050 
19603 
25134 
21831 
30835 
4346 
6900 
13638 
25792 
9585 
22190 
1787 
4151 
13190 
9282 
15106 
4374 
75 
23822 
2963 
9670 
18774 
7642 
24998 
5483 
29452 
19466 
5467 
32441 
27680 
31512 
3480 
2313 
27222 
17986 
756 
11180 
25741 
29312 
27092 
32639 
28156 
27833 
18387 
20159 
22204 
30774 
30824 
22303 
13702 
8535 
9411 
29208 
16063 
18565 
29431 
6017 
3249 
22887 
12382 
28255 
15644 
601 
31545 
24574 
2029 
26 
12184 
24897 
13133 
20932 
7034 
26166 
2269 
26882 
15924 
13293 
12352 
10877 
5911 
1163 
4827 
21143 
18253 
12698 
11480 
4700 
2820 
22691 
28529 
30901 
19919 
11775 
6251 
31711 
24136 
29162 
8928 
14108 
1275 
15321 
13634 
12457 
639 
4110 
12445 
15343 
14566 
29545 
17692 
19453 
1112 
29057 
12239 
18998 
1786 
18675 
1451 
17735 
27668 
12794 
12243 
3165 
26228 
29504 
32022 
2708 
28173 
14580 
27832 
30386 
228 
25117 
5749 
11029 
27437 
14382 
21443 
14826 
23216 
17626 
3672 
4512 
16754 
14889 
22508 
17820 
19346 
8396 
12096 
20271 
27761 
16558 
5727 
23237 
18197 
30667 
24099 
30047 
30160 
29509 
19196 
11843 
29980 
32436 
30445 
241 
13770 
23998 
5335 
7002 
6748 
25577 
30970 
21581 
25519 
16044 
2745 
26162 
20701 
9676 
925 
16890 
30305 
26086 
8093 
3670 
4220 
31047 
8861 
10023 
21720 
8964 
22324 
12598 
1900 
16456 
27314 
5670 
22175 
17384 
19042 
31911 
17072 
4157 
26124 
4332 
5205 
9010 
31678 
12638 
9890 
18588 
20684 
21394 
2093 
18122 
31766 
13688 
14192 
14685 
9609 
11990 
32366 
3674 
24297 
14069 
12698 
22910 
31181 
29339 
22004 
29138 
32491 
24120 
29301 
3455 
10901 
26724 
4269 
20450 
4740 
4233 
12459 
32227 
22741 
24029 
13341 
19587 
4177 
17044 
1208 
32181 
13809 
16211 
31194 
16239 
25505 
23271 
16750 
256 
8261 
16951 
20497 
12964 
28922 
9335 
7282 
9046 
3998 
8095 
10751 
28901 
27282 
20764 
9918 
15946 
20926 
24261 
8312 
9273 
29910 
3088 
5405 
4086 
5852 
12166 
25188 
1130 
6887 
7284 
22706 
29046 
20002 
21732 
30013 
5511 
4887 
6091 
1905 
7531 
21038 
8068 
17811 
30307 
21360 
9341 
5284 
1657 
26001 
30769 
1928 
16147 
30254 
19542 
22887 
15817 
32595 
31319 
26452 
28532 
28224 
24324 
27948 
27015 
26477 
7817 
2497 
28067 
3019 
25756 
20024 
19301 
9037 
29947 
23728 
5251 
20647 
8214 
23077 
22295 
12886 
28680 
14227 
21050 
5344 
8652 
5726 
22741 
6749 
16046 
19441 
22196 
31542 
27135 
18597 
11228 
17453 
14093 
26085 
21023 
13725 
6995 
24465 
237 
10243 
20716 
31903 
17261 
6590 
15694 
11016 
13516 
18963 
12340 
4834 
22230 
1396 
3804 
25801 
14019 
1794 
16243 
26500 
21587 
4944 
26830 
2278 
32541 
12394 
23130 
30193 
7715 
7958 
12374 
32322 
5547 
31065 
2111 
18089 
16202 
6717 
22924 
3863 
10306 
13010 
18076 
4029 
2574 
12403 
31213 
12658 
12602 
22602 
25486 
9557 
18040 
15383 
27351 
8116 
11761 
27692 
26711 
14893 
28889 
2748 
31758 
16659 
25926 
9302 
5084 
28692 
2114 
29101 
13882 
25112 
15902 
26266 
25896 
14443 
27914 
12900 
11622 
15647 
9699 
5438 
13799 
1196 
20300 
12049 
25475 
21210 
1792 
11132 
25836 
18145 
11623 
28442 
15075 
4814 
20327 
10755 
4268 
16936 
25212 
29589 
30911 
21460 
1803 
21364 
25024 
11062 
17651 
23503 
22449 
7321 
30310 
14565 
25959 
6353 
21751 
22984 
10810 
15390 
23795 
5729 
30721 
17492 
31477 
30389 
3390 
12857 
14261 
32614 
16277 
6703 
22049 
10109 
10883 
26643 
6063 
23398 
13900 
6756 
6897 
12604 
2869 
14504 
2154 
12872 
17652 
2315 
416 
24004 
31333 
18762 
1650 
18660 
28030 
28367 
17580 
23 
30597 
12830 
1497 
3466 
1408 
26991 
12120 
18669 
14574 
30364 
2226 
21627 
180 
19518 
15403 
27444 
15962 
19987 
17815 
25709 
19319 
4260 
17263 
4235 
29546 
15396 
24100 
21260 
13643 
5786 
14771 
7623 
25122 
31043 
9594 
12660 
27478 
13617 
32330 
18286 
30056 
11065 
30397 
2232 
736 
6924 
14794 
30270 
19336 
28068 
7062 
9822 
5081 
32482 
19597 
31655 
6323 
10869 
17074 
14561 
25425 
8189 
19763 
5709 
6523 
17008 
1601 
15406 
7677 
5821 
5918 
18055 
5465 
1456 
632 
13863 
8889 
29974 
26869 
29411 
28967 
31777 
31759 
17187 
23808 
14094 
4898 
23712 
20902 
32260 
5827 
29291 
12150 
832 
13908 
25650 
19962 
7279 
7125 
29375 
28255 
15195 
4605 
7617 
12841 
22986 
20618 
3791 
27173 
23715 
25301 
13738 
20895 
12883 
23721 
31170 
2518 
12399 
20821 
9468 
27053 
29851 
16640 
27571 
30115 
19626 
28733 
13821 
5125 
27143 
24032 
3631 
20835 
25683 
19215 
22691 
18752 
20303 
2460 
14520 
1805 
26621 
1170 
18203 
29529 
7426 
14093 
32069 
8514 
30287 
1359 
31301 
4143 
8192 
11281 
1216 
13761 
7300 
14871 
28214 
25606 
25087 
18439 
15238 
24560 
26348 
25211 
14005 
15366 
25095 
23125 
19947 
19290 
16746 
28499 
25534 
16571 
7414 
2275 
29875 
20011 
10228 
28984 
13826 
22676 
26108 
18077 
4506 
5046 
10006 
5897 
9061 
6756 
3872 
23028 
7117 
22256 
11376 
15466 
11135 
20452 
25018 
29534 
23663 
11506 
10035 
2112 
31772 
2094 
26358 
21458 
31509 
24443 
30887 
6967 
26044 
14915 
87 
844 
23114 
22380 
13480 
20028 
8211 
30599 
20530 
5967 
17420 
5962 
12837 
259 
24202 
11840 
29231 
2398 
26188 
17855 
27552 
30850 
13500 
31771 
972 
7554 
8050 
18457 
12208 
19828 
19194 
4262 
31961 
22728 
6871 
27849 
8578 
27352 
25287 
8151 
22525 
1983 
15689 
9702 
2388 
7279 
11101 
25731 
2863 
21758 
24971 
21416 
29944 
11585 
26150 
13032 
20542 
28572 
25810 
7917 
10327 
5656 
23364 
6948 
15690 
16822 
841 
25527 
Insertion sort number of swaps:992
Insertion sort key comparisons:245746
Selection sort number of swaps:1000
Selection sort key comparisons:499500
Array sorted with insertion sort:
Index   Element
-----   -------
0	23 
1	26 
2	75 
3	87 
4	180 
5	228 
6	228 
7	237 
8	241 
9	256 
10	259 
11	416 
12	430 
13	601 
14	612 
15	632 
16	639 
17	736 
18	756 
19	832 
20	841 
21	844 
22	925 
23	972 
24	1112 
25	1130 
26	1163 
27	1170 
28	1196 
29	1208 
30	1216 
31	1275 
32	1359 
33	1396 
34	1408 
35	1439 
36	1451 
37	1456 
38	1497 
39	1601 
40	1650 
41	1657 
42	1715 
43	1786 
44	1787 
45	1792 
46	1794 
47	1803 
48	1805 
49	1805 
50	1900 
51	1905 
52	1928 
53	1967 
54	1983 
55	2029 
56	2093 
57	2094 
58	2111 
59	2112 
60	2114 
61	2154 
62	2168 
63	2226 
64	2232 
65	2269 
66	2275 
67	2275 
68	2278 
69	2313 
70	2315 
71	2388 
72	2398 
73	2460 
74	2497 
75	2518 
76	2533 
77	2574 
78	2675 
79	2701 
80	2708 
81	2745 
82	2748 
83	2820 
84	2863 
85	2869 
86	2963 
87	3019 
88	3088 
89	3165 
90	3201 
91	3249 
92	3279 
93	3390 
94	3455 
95	3466 
96	3480 
97	3540 
98	3631 
99	3670 
100	3672 
101	3674 
102	3782 
103	3791 
104	3804 
105	3863 
106	3872 
107	3987 
108	3998 
109	3999 
110	4014 
111	4029 
112	4086 
113	4110 
114	4143 
115	4151 
116	4152 
117	4157 
118	4177 
119	4180 
120	4212 
121	4220 
122	4233 
123	4235 
124	4260 
125	4262 
126	4268 
127	4269 
128	4332 
129	4346 
130	4374 
131	4506 
132	4512 
133	4560 
134	4605 
135	4700 
136	4723 
137	4740 
138	4814 
139	4827 
140	4834 
141	4854 
142	4887 
143	4898 
144	4944 
145	5002 
146	5046 
147	5081 
148	5084 
149	5125 
150	5205 
151	5251 
152	5284 
153	5316 
154	5335 
155	5344 
156	5365 
157	5377 
158	5405 
159	5438 
160	5465 
161	5467 
162	5483 
163	5511 
164	5547 
165	5551 
166	5656 
167	5670 
168	5709 
169	5726 
170	5727 
171	5729 
172	5749 
173	5786 
174	5821 
175	5827 
176	5852 
177	5877 
178	5897 
179	5911 
180	5918 
181	5943 
182	5962 
183	5967 
184	6017 
185	6063 
186	6091 
187	6100 
188	6251 
189	6255 
190	6323 
191	6353 
192	6523 
193	6528 
194	6590 
195	6657 
196	6703 
197	6717 
198	6748 
199	6749 
200	6756 
201	6756 
202	6767 
203	6775 
204	6871 
205	6887 
206	6897 
207	6900 
208	6924 
209	6948 
210	6967 
211	6969 
212	6995 
213	7002 
214	7019 
215	7021 
216	7034 
217	7062 
218	7117 
219	7125 
220	7260 
221	7265 
222	7279 
223	7279 
224	7282 
225	7284 
226	7300 
227	7321 
228	7414 
229	7426 
230	7531 
231	7554 
232	7557 
233	7617 
234	7623 
235	7642 
236	7677 
237	7682 
238	7715 
239	7752 
240	7765 
241	7787 
242	7817 
243	7917 
244	7958 
245	8050 
246	8068 
247	8093 
248	8095 
249	8116 
250	8151 
251	8189 
252	8192 
253	8211 
254	8214 
255	8224 
256	8261 
257	8312 
258	8396 
259	8500 
260	8514 
261	8535 
262	8578 
263	8652 
264	8819 
265	8861 
266	8889 
267	8928 
268	8964 
269	8964 
270	9010 
271	9018 
272	9033 
273	9037 
274	9046 
275	9061 
276	9273 
277	9282 
278	9283 
279	9302 
280	9335 
281	9341 
282	9411 
283	9413 
284	9468 
285	9534 
286	9557 
287	9585 
288	9594 
289	9609 
290	9670 
291	9676 
292	9699 
293	9699 
294	9702 
295	9822 
296	9890 
297	9918 
298	10006 
299	10023 
300	10035 
301	10066 
302	10106 
303	10109 
304	10228 
305	10243 
306	10306 
307	10327 
308	10420 
309	10441 
310	10477 
311	10610 
312	10689 
313	10751 
314	10755 
315	10810 
316	10869 
317	10877 
318	10883 
319	10899 
320	10901 
321	11016 
322	11029 
323	11062 
324	11065 
325	11101 
326	11132 
327	11135 
328	11149 
329	11180 
330	11228 
331	11251 
332	11281 
333	11312 
334	11376 
335	11480 
336	11506 
337	11524 
338	11585 
339	11597 
340	11620 
341	11622 
342	11623 
343	11761 
344	11775 
345	11800 
346	11840 
347	11843 
348	11916 
349	11990 
350	12049 
351	12090 
352	12096 
353	12120 
354	12150 
355	12166 
356	12176 
357	12184 
358	12208 
359	12239 
360	12243 
361	12340 
362	12352 
363	12374 
364	12382 
365	12394 
366	12399 
367	12403 
368	12445 
369	12457 
370	12459 
371	12488 
372	12545 
373	12598 
374	12602 
375	12604 
376	12638 
377	12658 
378	12660 
379	12696 
380	12698 
381	12698 
382	12734 
383	12794 
384	12830 
385	12837 
386	12841 
387	12857 
388	12872 
389	12883 
390	12886 
391	12900 
392	12903 
393	12964 
394	13010 
395	13032 
396	13072 
397	13133 
398	13190 
399	13293 
400	13308 
401	13322 
402	13341 
403	13480 
404	13500 
405	13516 
406	13617 
407	13634 
408	13638 
409	13643 
410	13688 
411	13702 
412	13720 
413	13725 
414	13738 
415	13740 
416	13755 
417	13761 
418	13770 
419	13799 
420	13809 
421	13809 
422	13821 
423	13826 
424	13863 
425	13882 
426	13900 
427	13908 
428	14005 
429	14019 
430	14050 
431	14069 
432	14093 
433	14093 
434	14094 
435	14108 
436	14192 
437	14227 
438	14261 
439	14382 
440	14443 
441	14504 
442	14510 
443	14520 
444	14561 
445	14565 
446	14566 
447	14574 
448	14580 
449	14685 
450	14771 
451	14772 
452	14794 
453	14826 
454	14857 
455	14871 
456	14889 
457	14893 
458	14915 
459	15040 
460	15075 
461	15106 
462	15195 
463	15238 
464	15286 
465	15321 
466	15343 
467	15350 
468	15366 
469	15383 
470	15390 
471	15396 
472	15403 
473	15406 
474	15466 
475	15614 
476	15644 
477	15647 
478	15657 
479	15658 
480	15674 
481	15689 
482	15690 
483	15694 
484	15729 
485	15813 
486	15817 
487	15902 
488	15924 
489	15946 
490	15962 
491	16044 
492	16046 
493	16063 
494	16147 
495	16188 
496	16202 
497	16211 
498	16239 
499	16243 
500	16277 
501	16362 
502	16456 
503	16558 
504	16571 
505	16640 
506	16659 
507	16734 
508	16746 
509	16750 
510	16754 
511	16822 
512	16824 
513	16889 
514	16890 
515	16897 
516	16930 
517	16936 
518	16951 
519	17008 
520	17028 
521	17044 
522	17072 
523	17074 
524	17187 
525	17242 
526	17261 
527	17263 
528	17311 
529	17384 
530	17412 
531	17420 
532	17453 
533	17492 
534	17529 
535	17557 
536	17580 
537	17584 
538	17626 
539	17651 
540	17652 
541	17692 
542	17702 
543	17713 
544	17735 
545	17811 
546	17815 
547	17820 
548	17855 
549	17889 
550	17986 
551	18001 
552	18040 
553	18055 
554	18076 
555	18077 
556	18089 
557	18122 
558	18145 
559	18197 
560	18203 
561	18253 
562	18286 
563	18387 
564	18439 
565	18457 
566	18565 
567	18588 
568	18597 
569	18604 
570	18660 
571	18669 
572	18675 
573	18701 
574	18752 
575	18762 
576	18774 
577	18963 
578	18980 
579	18998 
580	19042 
581	19194 
582	19196 
583	19215 
584	19290 
585	19301 
586	19319 
587	19336 
588	19346 
589	19441 
590	19453 
591	19453 
592	19466 
593	19512 
594	19518 
595	19528 
596	19542 
597	19575 
598	19587 
599	19597 
600	19603 
601	19607 
602	19626 
603	19641 
604	19697 
605	19763 
606	19828 
607	19919 
608	19947 
609	19949 
610	19962 
611	19987 
612	20002 
613	20011 
614	20013 
615	20024 
616	20028 
617	20060 
618	20119 
619	20159 
620	20271 
621	20300 
622	20303 
623	20327 
624	20450 
625	20452 
626	20468 
627	20497 
628	20530 
629	20542 
630	20618 
631	20647 
632	20677 
633	20681 
634	20684 
635	20701 
636	20716 
637	20764 
638	20801 
639	20821 
640	20835 
641	20868 
642	20895 
643	20902 
644	20926 
645	20932 
646	20971 
647	21023 
648	21038 
649	21046 
650	21050 
651	21143 
652	21210 
653	21256 
654	21260 
655	21360 
656	21364 
657	21394 
658	21416 
659	21443 
660	21458 
661	21460 
662	21581 
663	21587 
664	21627 
665	21720 
666	21732 
667	21751 
668	21758 
669	21831 
670	22004 
671	22049 
672	22175 
673	22187 
674	22190 
675	22196 
676	22204 
677	22230 
678	22256 
679	22295 
680	22303 
681	22324 
682	22372 
683	22380 
684	22449 
685	22462 
686	22508 
687	22524 
688	22525 
689	22587 
690	22602 
691	22642 
692	22676 
693	22691 
694	22691 
695	22706 
696	22728 
697	22741 
698	22741 
699	22879 
700	22887 
701	22887 
702	22910 
703	22920 
704	22924 
705	22984 
706	22986 
707	23006 
708	23028 
709	23077 
710	23114 
711	23125 
712	23130 
713	23216 
714	23237 
715	23271 
716	23364 
717	23398 
718	23503 
719	23663 
720	23712 
721	23715 
722	23721 
723	23728 
724	23772 
725	23795 
726	23808 
727	23822 
728	23968 
729	23998 
730	24004 
731	24024 
732	24029 
733	24032 
734	24084 
735	24099 
736	24100 
737	24120 
738	24136 
739	24202 
740	24261 
741	24297 
742	24324 
743	24425 
744	24443 
745	24465 
746	24528 
747	24560 
748	24574 
749	24770 
750	24897 
751	24971 
752	24998 
753	25015 
754	25018 
755	25024 
756	25087 
757	25095 
758	25112 
759	25117 
760	25122 
761	25134 
762	25188 
763	25211 
764	25212 
765	25287 
766	25298 
767	25301 
768	25425 
769	25475 
770	25486 
771	25505 
772	25519 
773	25527 
774	25534 
775	25577 
776	25606 
777	25650 
778	25683 
779	25709 
780	25731 
781	25741 
782	25756 
783	25792 
784	25801 
785	25810 
786	25836 
787	25885 
788	25896 
789	25926 
790	25959 
791	26001 
792	26044 
793	26085 
794	26086 
795	26108 
796	26124 
797	26150 
798	26162 
799	26166 
800	26188 
801	26228 
802	26266 
803	26348 
804	26349 
805	26358 
806	26422 
807	26452 
808	26477 
809	26500 
810	26621 
811	26641 
812	26643 
813	26711 
814	26724 
815	26830 
816	26847 
817	26869 
818	26877 
819	26882 
820	26991 
821	27015 
822	27053 
823	27092 
824	27135 
825	27143 
826	27173 
827	27222 
828	27282 
829	27314 
830	27351 
831	27352 
832	27437 
833	27444 
834	27466 
835	27478 
836	27552 
837	27564 
838	27571 
839	27594 
840	27644 
841	27668 
842	27680 
843	27692 
844	27761 
845	27762 
846	27832 
847	27833 
848	27849 
849	27914 
850	27948 
851	28030 
852	28067 
853	28068 
854	28156 
855	28173 
856	28185 
857	28214 
858	28224 
859	28252 
860	28255 
861	28255 
862	28291 
863	28367 
864	28442 
865	28499 
866	28499 
867	28529 
868	28532 
869	28572 
870	28634 
871	28680 
872	28692 
873	28733 
874	28889 
875	28901 
876	28922 
877	28967 
878	28984 
879	29046 
880	29057 
881	29101 
882	29102 
883	29138 
884	29145 
885	29162 
886	29162 
887	29208 
888	29213 
889	29231 
890	29291 
891	29301 
892	29312 
893	29334 
894	29339 
895	29375 
896	29411 
897	29431 
898	29452 
899	29504 
900	29509 
901	29529 
902	29534 
903	29545 
904	29546 
905	29589 
906	29617 
907	29679 
908	29836 
909	29851 
910	29875 
911	29889 
912	29910 
913	29944 
914	29947 
915	29974 
916	29980 
917	30013 
918	30047 
919	30056 
920	30115 
921	30160 
922	30193 
923	30254 
924	30270 
925	30287 
926	30305 
927	30307 
928	30310 
929	30364 
930	30386 
931	30389 
932	30394 
933	30397 
934	30445 
935	30520 
936	30562 
937	30597 
938	30599 
939	30667 
940	30721 
941	30769 
942	30774 
943	30824 
944	30835 
945	30850 
946	30887 
947	30901 
948	30911 
949	30970 
950	31043 
951	31047 
952	31065 
953	31170 
954	31181 
955	31194 
956	31213 
957	31265 
958	31301 
959	31319 
960	31333 
961	31477 
962	31509 
963	31512 
964	31542 
965	31545 
966	31655 
967	31678 
968	31711 
969	31725 
970	31758 
971	31759 
972	31766 
973	31771 
974	31772 
975	31777 
976	31878 
977	31903 
978	31911 
979	31961 
980	32022 
981	32034 
982	32069 
983	32132 
984	32181 
985	32227 
986	32260 
987	32322 
988	32330 
989	32366 
990	32436 
991	32441 
992	32465 
993	32482 
994	32491 
995	32541 
996	32595 
997	32603 
998	32614 
999	32639 
Enter a value to search
14
Number of comparisons while searching for 14 : 18 
Search item not found in array
Enter a value to search
31911
Number of comparisons while searching for 31911 : 19 
Search item found at index 978
Enter a value to search
30520
Number of comparisons while searching for 30520 : 19 
Search item found at index 935
Enter a value to search
23
Number of comparisons while searching for 23 : 17 
Search item found at index 0
Enter a value to search
87
Number of comparisons while searching for 87 : 19 
Search item found at index 3
Enter a value to search
237
Number of comparisons while searching for 237 : 19 
Search item found at index 7
Enter a value to search
-1
----DERRICK ANNOR----Array unsorted:
24044 
15364 
7690 
7100 
11592 
14061 
1166 
11180 
22340 
16085 
8576 
25622 
30850 
4838 
14387 
14484 
15749 
22436 
7395 
9983 
32021 
22472 
16958 
7903 
20964 
18251 
16418 
32037 
30577 
15553 
14249 
28701 
28205 
21736 
14435 
22430 
10973 
13441 
2786 
30084 
21823 
23646 
1148 
607 
23024 
957 
18508 
31341 
21389 
27860 
6522 
14022 
3864 
26541 
8892 
9943 
12190 
30516 
22301 
15889 
13591 
19599 
20478 
27106 
27278 
3245 
19546 
9189 
32642 
5154 
13646 
29782 
20619 
11570 
19416 
30920 
9025 
27691 
25567 
17178 
22873 
9721 
20595 
9383 
24337 
13556 
25943 
14781 
22735 
32764 
12732 
18769 
21508 
30664 
22608 
19696 
32599 
32379 
10359 
13561 
11776 
28024 
23768 
15626 
10865 
11640 
8988 
25784 
7228 
5338 
20722 
24707 
1329 
58 
27223 
5896 
6598 
22852 
23828 
32377 
30909 
32714 
5512 
28235 
1536 
18709 
20647 
14638 
27856 
2425 
20291 
9026 
3358 
23596 
20107 
2184 
22585 
7513 
27089 
18327 
24746 
19055 
18832 
17552 
8540 
15551 
17325 
6227 
16385 
29254 
20733 
16371 
20144 
22727 
31752 
24680 
20691 
20254 
11532 
29316 
1856 
20688 
30533 
27433 
18342 
32742 
19308 
13240 
25387 
252 
13182 
1740 
24659 
23957 
31678 
1321 
3108 
24753 
27901 
5871 
9864 
8610 
31769 
27924 
11762 
12571 
4804 
14096 
3652 
7306 
21894 
24794 
14065 
15271 
2821 
27924 
23646 
31821 
2181 
16258 
26767 
8330 
18347 
27585 
24319 
8946 
2438 
23606 
14287 
13624 
10960 
25924 
30243 
3327 
3440 
6338 
32202 
29421 
15172 
28076 
27677 
18433 
9758 
4120 
30761 
29991 
10508 
28012 
7696 
30986 
11997 
20687 
6572 
2090 
8672 
9181 
29814 
29486 
2287 
10143 
10918 
18299 
30124 
14778 
11164 
24069 
10251 
31206 
14719 
19557 
2833 
25506 
27684 
27693 
28379 
12327 
23345 
27768 
9185 
5274 
13186 
8645 
23420 
12421 
15307 
2053 
29094 
16520 
3199 
10994 
1025 
26956 
32497 
26787 
31260 
11961 
6074 
16989 
25329 
27497 
28762 
12205 
19378 
23644 
25634 
10163 
29637 
5357 
1105 
21697 
525 
28420 
6013 
9765 
8043 
19342 
10292 
13378 
6788 
14122 
26340 
10982 
30917 
18213 
25336 
11735 
6309 
17065 
24388 
27567 
18730 
27697 
17827 
21226 
31407 
32576 
32222 
7486 
27876 
13907 
11216 
9515 
32278 
27924 
6344 
14802 
32689 
13008 
19503 
25866 
13315 
24875 
5995 
22449 
22850 
2835 
6402 
28736 
26065 
22514 
31491 
4002 
22975 
7976 
28834 
12359 
18833 
22456 
14114 
29556 
1601 
12353 
7672 
6365 
1670 
25393 
23085 
5237 
30038 
6965 
10500 
13957 
2473 
31732 
1501 
6651 
2945 
8956 
30553 
19717 
10791 
13564 
14271 
26591 
1975 
19253 
15518 
1514 
7646 
21803 
25012 
21757 
24547 
17056 
15119 
12031 
15844 
2498 
21106 
29110 
28003 
23972 
21498 
2266 
6913 
10475 
28161 
24174 
27016 
8394 
26691 
9552 
25135 
1072 
13887 
12814 
14874 
23359 
2273 
22011 
4385 
19201 
9053 
28802 
3538 
20822 
30558 
10939 
31417 
32049 
19552 
4412 
18655 
30468 
30298 
50 
7056 
28025 
24481 
5552 
16737 
14947 
27145 
7750 
15986 
21492 
27469 
12246 
19441 
24112 
18609 
26275 
28895 
28833 
30181 
30891 
6167 
25677 
23341 
4919 
18316 
15845 
26303 
14000 
23762 
2111 
19820 
1204 
29408 
13062 
16003 
13417 
21780 
18865 
3827 
8465 
9079 
5809 
8111 
9951 
3139 
1775 
855 
16905 
16034 
24949 
10004 
9247 
31417 
10091 
708 
13211 
25317 
12358 
5207 
10681 
29252 
22076 
10872 
17033 
15480 
18171 
17008 
13122 
23207 
19610 
32072 
23257 
10694 
8912 
28718 
24786 
15896 
11364 
21531 
13911 
12273 
7396 
22706 
11655 
9664 
27290 
7786 
6928 
16204 
7356 
7151 
13824 
17982 
18915 
29382 
10712 
18400 
23230 
30512 
3810 
31780 
25864 
28498 
15557 
7656 
12983 
19858 
11095 
6264 
18807 
27204 
21938 
11861 
1622 
134 
21386 
32053 
8641 
29288 
7358 
842 
12207 
6225 
11052 
2503 
28700 
8094 
28362 
6305 
953 
15499 
18419 
22418 
22754 
13143 
31742 
100 
25808 
31907 
22549 
18028 
32016 
2332 
30276 
22357 
25907 
26713 
22737 
22815 
25800 
22278 
20428 
2406 
31111 
30787 
23782 
25064 
31183 
15943 
2439 
26178 
15187 
17993 
25370 
32506 
4624 
11168 
4524 
1474 
15234 
5673 
15541 
26363 
2583 
2025 
12853 
31865 
25828 
11763 
1027 
1414 
28566 
14476 
3938 
24617 
28332 
32398 
8918 
26536 
15332 
28682 
13878 
7243 
24307 
7217 
26881 
30819 
7801 
20085 
15093 
5771 
7476 
1771 
13022 
3374 
22388 
20980 
26541 
9033 
5327 
17180 
8137 
17010 
8725 
5954 
31402 
18970 
26503 
16890 
22691 
10255 
12099 
27183 
29951 
23108 
12291 
6669 
26192 
15829 
12295 
9757 
30980 
20294 
21584 
4018 
6201 
16396 
28687 
26245 
14547 
1358 
26717 
28060 
31435 
17388 
44 
1904 
29897 
15809 
8318 
11598 
24054 
9253 
28885 
30206 
2571 
29622 
21482 
28579 
27567 
15705 
7329 
20706 
4351 
123 
3901 
17734 
20078 
31389 
720 
22755 
3023 
4111 
14070 
18234 
26544 
12795 
12739 
12637 
9450 
26022 
14842 
32596 
5750 
20723 
16768 
28862 
32130 
28713 
21520 
8379 
3524 
22773 
24111 
266 
3087 
11955 
24675 
4207 
15140 
11241 
25248 
20568 
2762 
25876 
15363 
15807 
15649 
10408 
707 
20818 
30259 
8274 
14436 
19154 
27084 
6016 
1581 
19385 
7052 
2851 
7645 
1311 
25914 
26291 
4762 
31966 
14171 
4724 
15914 
11765 
18435 
14073 
1637 
2090 
9196 
23014 
5866 
4852 
21957 
14330 
25362 
14231 
6092 
76 
1058 
30353 
17311 
21716 
18373 
3125 
29775 
13358 
697 
18582 
3767 
12443 
31688 
7846 
9228 
6217 
762 
11935 
25269 
29396 
2313 
20386 
2396 
30732 
19221 
23710 
4165 
25593 
26265 
18548 
31966 
19484 
27038 
15705 
5016 
23032 
13102 
19323 
23542 
3793 
14348 
27367 
10979 
29876 
32674 
21674 
10057 
24759 
27963 
30518 
31967 
10882 
10610 
2568 
12611 
32014 
16362 
1160 
20296 
9389 
17728 
31793 
23697 
32331 
6462 
11761 
19807 
27635 
6482 
14035 
27303 
29333 
22334 
16347 
24168 
25862 
10256 
8497 
23099 
16456 
8021 
16515 
3116 
7436 
19082 
11940 
21960 
23157 
16595 
18553 
31095 
26143 
23280 
24341 
12812 
17760 
10092 
11043 
26779 
17357 
28439 
3972 
31882 
27392 
23991 
28474 
20971 
10137 
8955 
6789 
6665 
16259 
8112 
5963 
2625 
32121 
29495 
18621 
29972 
13768 
32055 
14904 
31098 
2134 
10127 
4457 
15480 
995 
3215 
27573 
24820 
3727 
19815 
10968 
12745 
14236 
11487 
29900 
12823 
22134 
16969 
27372 
2012 
6896 
22708 
23641 
29897 
29393 
20067 
30621 
20814 
26767 
2174 
16270 
15864 
24410 
20230 
18293 
32508 
20572 
9486 
31344 
13844 
27968 
28969 
29205 
28297 
19441 
2591 
8280 
12177 
32676 
31716 
20655 
2268 
17176 
6346 
17524 
19818 
6172 
10997 
28298 
28831 
83 
23055 
4675 
14745 
13108 
6462 
18817 
16577 
30036 
12627 
13852 
27552 
29928 
15173 
25220 
23285 
20357 
7901 
5544 
32516 
9515 
27058 
7702 
17968 
23682 
4696 
22627 
6604 
31843 
31701 
29901 
7471 
16026 
19796 
16415 
25350 
16363 
29214 
29653 
3311 
29011 
21957 
20865 
2371 
11919 
12450 
Insertion sort number of swaps:993
Insertion sort key comparisons:250772
Selection sort number of swaps:1000
Selection sort key comparisons:499500
Array sorted with insertion sort:
Index   Element
-----   -------
0	44 
1	50 
2	58 
3	76 
4	83 
5	100 
6	123 
7	134 
8	252 
9	266 
10	525 
11	607 
12	697 
13	707 
14	708 
15	720 
16	762 
17	842 
18	855 
19	953 
20	957 
21	995 
22	1025 
23	1027 
24	1058 
25	1072 
26	1105 
27	1148 
28	1160 
29	1166 
30	1204 
31	1311 
32	1321 
33	1329 
34	1358 
35	1414 
36	1474 
37	1501 
38	1514 
39	1536 
40	1581 
41	1601 
42	1622 
43	1637 
44	1670 
45	1740 
46	1771 
47	1775 
48	1856 
49	1904 
50	1975 
51	2012 
52	2025 
53	2053 
54	2090 
55	2090 
56	2111 
57	2134 
58	2174 
59	2181 
60	2184 
61	2266 
62	2268 
63	2273 
64	2287 
65	2313 
66	2332 
67	2371 
68	2396 
69	2406 
70	2425 
71	2438 
72	2439 
73	2473 
74	2498 
75	2503 
76	2568 
77	2571 
78	2583 
79	2591 
80	2625 
81	2762 
82	2786 
83	2821 
84	2833 
85	2835 
86	2851 
87	2945 
88	3023 
89	3087 
90	3108 
91	3116 
92	3125 
93	3139 
94	3199 
95	3215 
96	3245 
97	3311 
98	3327 
99	3358 
100	3374 
101	3440 
102	3524 
103	3538 
104	3652 
105	3727 
106	3767 
107	3793 
108	3810 
109	3827 
110	3864 
111	3901 
112	3938 
113	3972 
114	4002 
115	4018 
116	4111 
117	4120 
118	4165 
119	4207 
120	4351 
121	4385 
122	4412 
123	4457 
124	4524 
125	4624 
126	4675 
127	4696 
128	4724 
129	4762 
130	4804 
131	4838 
132	4852 
133	4919 
134	5016 
135	5154 
136	5207 
137	5237 
138	5274 
139	5327 
140	5338 
141	5357 
142	5512 
143	5544 
144	5552 
145	5673 
146	5750 
147	5771 
148	5809 
149	5866 
150	5871 
151	5896 
152	5954 
153	5963 
154	5995 
155	6013 
156	6016 
157	6074 
158	6092 
159	6167 
160	6172 
161	6201 
162	6217 
163	6225 
164	6227 
165	6264 
166	6305 
167	6309 
168	6338 
169	6344 
170	6346 
171	6365 
172	6402 
173	6462 
174	6462 
175	6482 
176	6522 
177	6572 
178	6598 
179	6604 
180	6651 
181	6665 
182	6669 
183	6788 
184	6789 
185	6896 
186	6913 
187	6928 
188	6965 
189	7052 
190	7056 
191	7100 
192	7151 
193	7217 
194	7228 
195	7243 
196	7306 
197	7329 
198	7356 
199	7358 
200	7395 
201	7396 
202	7436 
203	7471 
204	7476 
205	7486 
206	7513 
207	7645 
208	7646 
209	7656 
210	7672 
211	7690 
212	7696 
213	7702 
214	7750 
215	7786 
216	7801 
217	7846 
218	7901 
219	7903 
220	7976 
221	8021 
222	8043 
223	8094 
224	8111 
225	8112 
226	8137 
227	8274 
228	8280 
229	8318 
230	8330 
231	8379 
232	8394 
233	8465 
234	8497 
235	8540 
236	8576 
237	8610 
238	8641 
239	8645 
240	8672 
241	8725 
242	8892 
243	8912 
244	8918 
245	8946 
246	8955 
247	8956 
248	8988 
249	9025 
250	9026 
251	9033 
252	9053 
253	9079 
254	9181 
255	9185 
256	9189 
257	9196 
258	9228 
259	9247 
260	9253 
261	9383 
262	9389 
263	9450 
264	9486 
265	9515 
266	9515 
267	9552 
268	9664 
269	9721 
270	9757 
271	9758 
272	9765 
273	9864 
274	9943 
275	9951 
276	9983 
277	10004 
278	10057 
279	10091 
280	10092 
281	10127 
282	10137 
283	10143 
284	10163 
285	10251 
286	10255 
287	10256 
288	10292 
289	10359 
290	10408 
291	10475 
292	10500 
293	10508 
294	10610 
295	10681 
296	10694 
297	10712 
298	10791 
299	10865 
300	10872 
301	10882 
302	10918 
303	10939 
304	10960 
305	10968 
306	10973 
307	10979 
308	10982 
309	10994 
310	10997 
311	11043 
312	11052 
313	11095 
314	11164 
315	11168 
316	11180 
317	11216 
318	11241 
319	11364 
320	11487 
321	11532 
322	11570 
323	11592 
324	11598 
325	11640 
326	11655 
327	11735 
328	11761 
329	11762 
330	11763 
331	11765 
332	11776 
333	11861 
334	11919 
335	11935 
336	11940 
337	11955 
338	11961 
339	11997 
340	12031 
341	12099 
342	12177 
343	12190 
344	12205 
345	12207 
346	12246 
347	12273 
348	12291 
349	12295 
350	12327 
351	12353 
352	12358 
353	12359 
354	12421 
355	12443 
356	12450 
357	12571 
358	12611 
359	12627 
360	12637 
361	12732 
362	12739 
363	12745 
364	12795 
365	12812 
366	12814 
367	12823 
368	12853 
369	12983 
370	13008 
371	13022 
372	13062 
373	13102 
374	13108 
375	13122 
376	13143 
377	13182 
378	13186 
379	13211 
380	13240 
381	13315 
382	13358 
383	13378 
384	13417 
385	13441 
386	13556 
387	13561 
388	13564 
389	13591 
390	13624 
391	13646 
392	13768 
393	13824 
394	13844 
395	13852 
396	13878 
397	13887 
398	13907 
399	13911 
400	13957 
401	14000 
402	14022 
403	14035 
404	14061 
405	14065 
406	14070 
407	14073 
408	14096 
409	14114 
410	14122 
411	14171 
412	14231 
413	14236 
414	14249 
415	14271 
416	14287 
417	14330 
418	14348 
419	14387 
420	14435 
421	14436 
422	14476 
423	14484 
424	14547 
425	14638 
426	14719 
427	14745 
428	14778 
429	14781 
430	14802 
431	14842 
432	14874 
433	14904 
434	14947 
435	15093 
436	15119 
437	15140 
438	15172 
439	15173 
440	15187 
441	15234 
442	15271 
443	15307 
444	15332 
445	15363 
446	15364 
447	15480 
448	15480 
449	15499 
450	15518 
451	15541 
452	15551 
453	15553 
454	15557 
455	15626 
456	15649 
457	15705 
458	15705 
459	15749 
460	15807 
461	15809 
462	15829 
463	15844 
464	15845 
465	15864 
466	15889 
467	15896 
468	15914 
469	15943 
470	15986 
471	16003 
472	16026 
473	16034 
474	16085 
475	16204 
476	16258 
477	16259 
478	16270 
479	16347 
480	16362 
481	16363 
482	16371 
483	16385 
484	16396 
485	16415 
486	16418 
487	16456 
488	16515 
489	16520 
490	16577 
491	16595 
492	16737 
493	16768 
494	16890 
495	16905 
496	16958 
497	16969 
498	16989 
499	17008 
500	17010 
501	17033 
502	17056 
503	17065 
504	17176 
505	17178 
506	17180 
507	17311 
508	17325 
509	17357 
510	17388 
511	17524 
512	17552 
513	17728 
514	17734 
515	17760 
516	17827 
517	17968 
518	17982 
519	17993 
520	18028 
521	18171 
522	18213 
523	18234 
524	18251 
525	18293 
526	18299 
527	18316 
528	18327 
529	18342 
530	18347 
531	18373 
532	18400 
533	18419 
534	18433 
535	18435 
536	18508 
537	18548 
538	18553 
539	18582 
540	18609 
541	18621 
542	18655 
543	18709 
544	18730 
545	18769 
546	18807 
547	18817 
548	18832 
549	18833 
550	18865 
551	18915 
552	18970 
553	19055 
554	19082 
555	19154 
556	19201 
557	19221 
558	19253 
559	19308 
560	19323 
561	19342 
562	19378 
563	19385 
564	19416 
565	19441 
566	19441 
567	19484 
568	19503 
569	19546 
570	19552 
571	19557 
572	19599 
573	19610 
574	19696 
575	19717 
576	19796 
577	19807 
578	19815 
579	19818 
580	19820 
581	19858 
582	20067 
583	20078 
584	20085 
585	20107 
586	20144 
587	20230 
588	20254 
589	20291 
590	20294 
591	20296 
592	20357 
593	20386 
594	20428 
595	20478 
596	20568 
597	20572 
598	20595 
599	20619 
600	20647 
601	20655 
602	20687 
603	20688 
604	20691 
605	20706 
606	20722 
607	20723 
608	20733 
609	20814 
610	20818 
611	20822 
612	20865 
613	20964 
614	20971 
615	20980 
616	21106 
617	21226 
618	21386 
619	21389 
620	21482 
621	21492 
622	21498 
623	21508 
624	21520 
625	21531 
626	21584 
627	21674 
628	21697 
629	21716 
630	21736 
631	21757 
632	21780 
633	21803 
634	21823 
635	21894 
636	21938 
637	21957 
638	21957 
639	21960 
640	22011 
641	22076 
642	22134 
643	22278 
644	22301 
645	22334 
646	22340 
647	22357 
648	22388 
649	22418 
650	22430 
651	22436 
652	22449 
653	22456 
654	22472 
655	22514 
656	22549 
657	22585 
658	22608 
659	22627 
660	22691 
661	22706 
662	22708 
663	22727 
664	22735 
665	22737 
666	22754 
667	22755 
668	22773 
669	22815 
670	22850 
671	22852 
672	22873 
673	22975 
674	23014 
675	23024 
676	23032 
677	23055 
678	23085 
679	23099 
680	23108 
681	23157 
682	23207 
683	23230 
684	23257 
685	23280 
686	23285 
687	23341 
688	23345 
689	23359 
690	23420 
691	23542 
692	23596 
693	23606 
694	23641 
695	23644 
696	23646 
697	23646 
698	23682 
699	23697 
700	23710 
701	23762 
702	23768 
703	23782 
704	23828 
705	23957 
706	23972 
707	23991 
708	24044 
709	24054 
710	24069 
711	24111 
712	24112 
713	24168 
714	24174 
715	24307 
716	24319 
717	24337 
718	24341 
719	24388 
720	24410 
721	24481 
722	24547 
723	24617 
724	24659 
725	24675 
726	24680 
727	24707 
728	24746 
729	24753 
730	24759 
731	24786 
732	24794 
733	24820 
734	24875 
735	24949 
736	25012 
737	25064 
738	25135 
739	25220 
740	25248 
741	25269 
742	25317 
743	25329 
744	25336 
745	25350 
746	25362 
747	25370 
748	25387 
749	25393 
750	25506 
751	25567 
752	25593 
753	25622 
754	25634 
755	25677 
756	25784 
757	25800 
758	25808 
759	25828 
760	25862 
761	25864 
762	25866 
763	25876 
764	25907 
765	25914 
766	25924 
767	25943 
768	26022 
769	26065 
770	26143 
771	26178 
772	26192 
773	26245 
774	26265 
775	26275 
776	26291 
777	26303 
778	26340 
779	26363 
780	26503 
781	26536 
782	26541 
783	26541 
784	26544 
785	26591 
786	26691 
787	26713 
788	26717 
789	26767 
790	26767 
791	26779 
792	26787 
793	26881 
794	26956 
795	27016 
796	27038 
797	27058 
798	27084 
799	27089 
800	27106 
801	27145 
802	27183 
803	27204 
804	27223 
805	27278 
806	27290 
807	27303 
808	27367 
809	27372 
810	27392 
811	27433 
812	27469 
813	27497 
814	27552 
815	27567 
816	27567 
817	27573 
818	27585 
819	27635 
820	27677 
821	27684 
822	27691 
823	27693 
824	27697 
825	27768 
826	27856 
827	27860 
828	27876 
829	27901 
830	27924 
831	27924 
832	27924 
833	27963 
834	27968 
835	28003 
836	28012 
837	28024 
838	28025 
839	28060 
840	28076 
841	28161 
842	28205 
843	28235 
844	28297 
845	28298 
846	28332 
847	28362 
848	28379 
849	28420 
850	28439 
851	28474 
852	28498 
853	28566 
854	28579 
855	28682 
856	28687 
857	28700 
858	28701 
859	28713 
860	28718 
861	28736 
862	28762 
863	28802 
864	28831 
865	28833 
866	28834 
867	28862 
868	28885 
869	28895 
870	28969 
871	29011 
872	29094 
873	29110 
874	29205 
875	29214 
876	29252 
877	29254 
878	29288 
879	29316 
880	29333 
881	29382 
882	29393 
883	29396 
884	29408 
885	29421 
886	29486 
887	29495 
888	29556 
889	29622 
890	29637 
891	29653 
892	29775 
893	29782 
894	29814 
895	29876 
896	29897 
897	29897 
898	29900 
899	29901 
900	29928 
901	29951 
902	29972 
903	29991 
904	30036 
905	30038 
906	30084 
907	30124 
908	30181 
909	30206 
910	30243 
911	30259 
912	30276 
913	30298 
914	30353 
915	30468 
916	30512 
917	30516 
918	30518 
919	30533 
920	30553 
921	30558 
922	30577 
923	30621 
924	30664 
925	30732 
926	30761 
927	30787 
928	30819 
929	30850 
930	30891 
931	30909 
932	30917 
933	30920 
934	30980 
935	30986 
936	31095 
937	31098 
938	31111 
939	31183 
940	31206 
941	31260 
942	31341 
943	31344 
944	31389 
945	31402 
946	31407 
947	31417 
948	31417 
949	31435 
950	31491 
951	31678 
952	31688 
953	31701 
954	31716 
955	31732 
956	31742 
957	31752 
958	31769 
959	31780 
960	31793 
961	31821 
962	31843 
963	31865 
964	31882 
965	31907 
966	31966 
967	31966 
968	31967 
969	32014 
970	32016 
971	32021 
972	32037 
973	32049 
974	32053 
975	32055 
976	32072 
977	32121 
978	32130 
979	32202 
980	32222 
981	32278 
982	32331 
983	32377 
984	32379 
985	32398 
986	32497 
987	32506 
988	32508 
989	32516 
990	32576 
991	32596 
992	32599 
993	32642 
994	32674 
995	32676 
996	32689 
997	32714 
998	32742 
999	32764 
Enter a value to search
100
Number of comparisons while searching for 100 : 19 
Search item found at index 5
Enter a value to search
58
Number of comparisons while searching for 58 : 15 
Search item found at index 2
Enter a value to search
76
Number of comparisons while searching for 76 : 19 
Search item found at index 3
Enter a value to search
5999
Number of comparisons while searching for 5999 : 20 
Search item not found in array
Enter a value to search
721
Number of comparisons while searching for 721 : 20 
Search item not found in array
Enter a value to search
-1
----DERRICK ANNOR----Array unsorted:
3437 
25394 
7651 
30850 
19586 
22806 
15636 
18845 
14696 
11521 
16310 
23496 
29935 
25496 
8878 
22507 
26030 
25893 
6383 
8628 
10986 
13543 
13703 
27021 
14009 
12973 
30431 
6860 
21350 
6819 
5950 
31274 
6168 
14187 
18064 
2167 
4271 
31343 
12646 
32140 
7407 
28278 
31037 
28544 
19168 
14454 
515 
31263 
12404 
6825 
14551 
31383 
2155 
11747 
14353 
13173 
5748 
17699 
27778 
27856 
5781 
12136 
8189 
25796 
15308 
19398 
3349 
9251 
503 
9144 
24617 
2918 
22257 
32696 
18846 
11242 
24318 
10765 
1388 
16729 
22633 
21477 
31708 
24421 
25195 
20643 
24464 
10173 
11087 
7034 
27843 
7225 
18900 
23355 
11730 
24920 
17875 
22635 
26875 
1261 
5153 
6553 
7013 
7445 
2487 
6638 
9569 
21356 
2576 
19974 
3056 
12417 
29907 
27390 
29573 
15239 
5810 
9167 
14348 
16973 
8594 
20698 
17962 
23920 
28652 
13764 
6599 
1231 
6003 
22915 
1482 
18495 
3831 
9401 
10531 
128 
27529 
14913 
13583 
3184 
30944 
15880 
26775 
28287 
12539 
32287 
25946 
24163 
22280 
12814 
16781 
8973 
14725 
17514 
31552 
18651 
24485 
23210 
12515 
2063 
9717 
3894 
17160 
28544 
3647 
4545 
17259 
10127 
18094 
8665 
21807 
24925 
11316 
6076 
25194 
17979 
19497 
28526 
19172 
31586 
10549 
2568 
28700 
3557 
18287 
6483 
17036 
23267 
17350 
27029 
13358 
18433 
31393 
32171 
13375 
24599 
450 
12632 
6211 
10282 
31088 
21981 
5705 
16539 
30933 
31946 
13424 
9885 
6565 
25875 
20906 
10732 
26368 
15974 
11200 
27325 
13210 
14012 
1687 
29680 
6937 
1583 
22705 
17805 
12990 
27915 
8438 
25454 
11592 
22567 
18869 
15417 
30229 
8054 
15590 
31890 
1931 
4825 
3506 
8846 
182 
18743 
23349 
25962 
15922 
26064 
20610 
17789 
31308 
18382 
26087 
22635 
14436 
22557 
18291 
9628 
32662 
27005 
1206 
9964 
10393 
24278 
28104 
16804 
17126 
3019 
16781 
19370 
21789 
913 
4406 
28916 
31909 
18946 
32011 
3394 
12435 
6893 
11880 
19981 
11214 
15281 
13062 
12474 
17008 
2826 
7548 
12564 
9839 
17194 
3846 
15353 
24444 
8716 
3716 
14931 
31275 
27653 
20678 
18507 
12885 
31900 
22022 
27833 
7355 
22939 
182 
25822 
5099 
31846 
2429 
22613 
27752 
17804 
29820 
2375 
13317 
20124 
27605 
21727 
146 
3642 
9070 
6141 
4538 
625 
10738 
19503 
18988 
21835 
19225 
28893 
17401 
12191 
26410 
5315 
1085 
11819 
25534 
5028 
4610 
11490 
6598 
23613 
29793 
23687 
25807 
21113 
23530 
22139 
14213 
8675 
31559 
8916 
22902 
5216 
21275 
25774 
12825 
16670 
30000 
8390 
17679 
10184 
722 
21061 
17320 
3068 
27254 
16857 
22441 
9470 
10400 
21258 
2893 
30126 
4099 
15308 
29321 
24759 
23785 
23120 
31124 
19722 
6101 
7456 
31911 
28299 
2919 
12651 
3330 
1801 
20865 
27549 
1839 
13172 
15272 
7731 
24202 
6474 
6829 
21198 
16897 
2131 
10636 
6534 
32281 
25742 
8084 
25216 
16433 
27755 
11720 
5571 
7947 
12090 
27526 
23879 
3208 
18404 
30310 
21839 
5299 
12249 
18789 
5881 
3585 
15945 
3907 
20756 
7896 
10135 
29737 
25393 
15437 
4363 
14991 
12029 
1586 
3271 
5981 
5070 
9296 
4604 
6480 
18555 
2289 
17757 
8096 
1905 
15522 
9684 
9184 
16643 
5942 
29044 
23333 
18434 
2574 
22192 
29290 
11406 
24472 
17866 
27187 
14635 
5142 
30350 
21873 
17944 
11169 
30271 
32678 
22236 
10605 
20946 
15945 
13857 
3150 
12378 
29036 
965 
29819 
29124 
30620 
26927 
22163 
9668 
6409 
26591 
24541 
28431 
11751 
30281 
28628 
9931 
1043 
24292 
19171 
21571 
18426 
5502 
27245 
19680 
29879 
30418 
3600 
4181 
3963 
9820 
29227 
13593 
12850 
32364 
20381 
31002 
10595 
18042 
2256 
19120 
10584 
9145 
10231 
24015 
24192 
30702 
4755 
8578 
23825 
8835 
5692 
10644 
13297 
22487 
12958 
24720 
9943 
729 
17602 
5613 
21422 
25813 
30607 
15490 
18234 
26510 
7568 
27968 
17661 
21900 
22519 
543 
18012 
27831 
12002 
23897 
29950 
32549 
32478 
12503 
9333 
5681 
24489 
23016 
3872 
19405 
26685 
9529 
23119 
19993 
29705 
3842 
9641 
16692 
19842 
21373 
10699 
29521 
25050 
25500 
10802 
5902 
25103 
4603 
15963 
30722 
29992 
3092 
13864 
23957 
24508 
29618 
7558 
4117 
17587 
11432 
9037 
13318 
25424 
12994 
26472 
28601 
30320 
3068 
29749 
3872 
6412 
10994 
26414 
6624 
21509 
21912 
3274 
4008 
14625 
25643 
29598 
16065 
12112 
27751 
15048 
26855 
21557 
11515 
8077 
10840 
5857 
19770 
3649 
22314 
28642 
17683 
14951 
17121 
23164 
323 
538 
9793 
29494 
6089 
8364 
5985 
24473 
8346 
29836 
18433 
25396 
1687 
23661 
32285 
17891 
25788 
28580 
31427 
28497 
17306 
5586 
17185 
23484 
19207 
16836 
32738 
19960 
15380 
21399 
26299 
25271 
18239 
26144 
25152 
26887 
4842 
2955 
27645 
9244 
1548 
15681 
19650 
23120 
11047 
784 
14142 
21864 
16250 
5510 
28879 
14361 
17015 
32669 
31897 
19659 
6519 
926 
31958 
12700 
7085 
18239 
15980 
1448 
6744 
2830 
8901 
31624 
14653 
28947 
23515 
29976 
11093 
5809 
11922 
3197 
10179 
1486 
12107 
11879 
11016 
16692 
11446 
10644 
22650 
28726 
15591 
22422 
4083 
28054 
8365 
17109 
3014 
15782 
28959 
28119 
6903 
12206 
19319 
8127 
19371 
11918 
28452 
23060 
6621 
1188 
538 
23492 
30291 
5872 
28525 
21865 
14800 
23414 
5150 
13002 
22668 
3812 
11829 
7589 
27105 
28021 
16911 
7596 
22599 
29461 
27130 
31181 
19842 
26310 
17407 
16054 
12058 
13634 
29183 
3737 
16140 
24290 
24578 
7724 
13503 
31934 
17611 
757 
25145 
8470 
4272 
14020 
14739 
5873 
16040 
29825 
18090 
17667 
15270 
21031 
28952 
14292 
22565 
15377 
6755 
5919 
30724 
13685 
27763 
2680 
29845 
558 
27722 
20786 
25841 
7614 
9455 
4480 
16526 
9107 
32427 
8922 
4115 
3209 
5752 
22435 
8298 
26033 
10679 
2568 
27671 
25681 
27169 
28715 
11977 
31531 
19968 
31617 
22319 
21762 
12447 
18296 
19213 
22619 
22271 
23390 
12687 
6273 
11467 
17278 
14301 
22475 
19854 
17804 
1007 
32545 
11812 
13379 
18851 
11965 
31343 
9804 
13837 
19503 
31563 
5218 
9486 
12708 
6339 
8884 
21800 
25191 
19589 
6538 
3472 
26792 
6291 
20780 
27269 
16509 
22076 
5376 
17377 
29734 
29003 
16882 
25070 
19861 
25470 
9240 
29818 
16686 
1081 
22422 
46 
30155 
124 
12480 
13851 
3587 
3859 
28543 
27030 
5804 
13580 
16886 
6214 
16030 
11886 
23141 
14459 
15290 
20264 
7245 
16833 
299 
28744 
9429 
9142 
10988 
15725 
12908 
7960 
17034 
30335 
12208 
13602 
16684 
31133 
25998 
8473 
29392 
10583 
6315 
4130 
7895 
798 
5635 
2902 
6596 
31224 
29393 
18456 
9281 
27001 
942 
21158 
15203 
13550 
20220 
18159 
15918 
26331 
32389 
2981 
3164 
25768 
5216 
17298 
602 
2711 
26389 
26927 
30356 
17401 
10496 
18547 
7154 
29602 
32507 
19177 
28066 
16538 
27191 
18949 
2073 
6933 
2411 
23480 
4948 
3493 
30001 
19778 
8804 
11951 
15276 
16456 
11305 
17948 
16239 
7718 
350 
31568 
32154 
21894 
25557 
8032 
32582 
5682 
8964 
26495 
31268 
32550 
25025 
11194 
25696 
29418 
26954 
32230 
Insertion sort number of swaps:992
Insertion sort key comparisons:246107
Selection sort number of swaps:1000
Selection sort key comparisons:499500
Array sorted with insertion sort:
Index   Element
-----   -------
0	46 
1	124 
2	128 
3	146 
4	182 
5	182 
6	299 
7	323 
8	350 
9	450 
10	503 
11	515 
12	538 
13	538 
14	543 
15	558 
16	602 
17	625 
18	722 
19	729 
20	757 
21	784 
22	798 
23	913 
24	926 
25	942 
26	965 
27	1007 
28	1043 
29	1081 
30	1085 
31	1188 
32	1206 
33	1231 
34	1261 
35	1388 
36	1448 
37	1482 
38	1486 
39	1548 
40	1583 
41	1586 
42	1687 
43	1687 
44	1801 
45	1839 
46	1905 
47	1931 
48	2063 
49	2073 
50	2131 
51	2155 
52	2167 
53	2256 
54	2289 
55	2375 
56	2411 
57	2429 
58	2487 
59	2568 
60	2568 
61	2574 
62	2576 
63	2680 
64	2711 
65	2826 
66	2830 
67	2893 
68	2902 
69	2918 
70	2919 
71	2955 
72	2981 
73	3014 
74	3019 
75	3056 
76	3068 
77	3068 
78	3092 
79	3150 
80	3164 
81	3184 
82	3197 
83	3208 
84	3209 
85	3271 
86	3274 
87	3330 
88	3349 
89	3394 
90	3437 
91	3472 
92	3493 
93	3506 
94	3557 
95	3585 
96	3587 
97	3600 
98	3642 
99	3647 
100	3649 
101	3716 
102	3737 
103	3812 
104	3831 
105	3842 
106	3846 
107	3859 
108	3872 
109	3872 
110	3894 
111	3907 
112	3963 
113	4008 
114	4083 
115	4099 
116	4115 
117	4117 
118	4130 
119	4181 
120	4271 
121	4272 
122	4363 
123	4406 
124	4480 
125	4538 
126	4545 
127	4603 
128	4604 
129	4610 
130	4755 
131	4825 
132	4842 
133	4948 
134	5028 
135	5070 
136	5099 
137	5142 
138	5150 
139	5153 
140	5216 
141	5216 
142	5218 
143	5299 
144	5315 
145	5376 
146	5502 
147	5510 
148	5571 
149	5586 
150	5613 
151	5635 
152	5681 
153	5682 
154	5692 
155	5705 
156	5748 
157	5752 
158	5781 
159	5804 
160	5809 
161	5810 
162	5857 
163	5872 
164	5873 
165	5881 
166	5902 
167	5919 
168	5942 
169	5950 
170	5981 
171	5985 
172	6003 
173	6076 
174	6089 
175	6101 
176	6141 
177	6168 
178	6211 
179	6214 
180	6273 
181	6291 
182	6315 
183	6339 
184	6383 
185	6409 
186	6412 
187	6474 
188	6480 
189	6483 
190	6519 
191	6534 
192	6538 
193	6553 
194	6565 
195	6596 
196	6598 
197	6599 
198	6621 
199	6624 
200	6638 
201	6744 
202	6755 
203	6819 
204	6825 
205	6829 
206	6860 
207	6893 
208	6903 
209	6933 
210	6937 
211	7013 
212	7034 
213	7085 
214	7154 
215	7225 
216	7245 
217	7355 
218	7407 
219	7445 
220	7456 
221	7548 
222	7558 
223	7568 
224	7589 
225	7596 
226	7614 
227	7651 
228	7718 
229	7724 
230	7731 
231	7895 
232	7896 
233	7947 
234	7960 
235	8032 
236	8054 
237	8077 
238	8084 
239	8096 
240	8127 
241	8189 
242	8298 
243	8346 
244	8364 
245	8365 
246	8390 
247	8438 
248	8470 
249	8473 
250	8578 
251	8594 
252	8628 
253	8665 
254	8675 
255	8716 
256	8804 
257	8835 
258	8846 
259	8878 
260	8884 
261	8901 
262	8916 
263	8922 
264	8964 
265	8973 
266	9037 
267	9070 
268	9107 
269	9142 
270	9144 
271	9145 
272	9167 
273	9184 
274	9240 
275	9244 
276	9251 
277	9281 
278	9296 
279	9333 
280	9401 
281	9429 
282	9455 
283	9470 
284	9486 
285	9529 
286	9569 
287	9628 
288	9641 
289	9668 
290	9684 
291	9717 
292	9793 
293	9804 
294	9820 
295	9839 
296	9885 
297	9931 
298	9943 
299	9964 
300	10127 
301	10135 
302	10173 
303	10179 
304	10184 
305	10231 
306	10282 
307	10393 
308	10400 
309	10496 
310	10531 
311	10549 
312	10583 
313	10584 
314	10595 
315	10605 
316	10636 
317	10644 
318	10644 
319	10679 
320	10699 
321	10732 
322	10738 
323	10765 
324	10802 
325	10840 
326	10986 
327	10988 
328	10994 
329	11016 
330	11047 
331	11087 
332	11093 
333	11169 
334	11194 
335	11200 
336	11214 
337	11242 
338	11305 
339	11316 
340	11406 
341	11432 
342	11446 
343	11467 
344	11490 
345	11515 
346	11521 
347	11592 
348	11720 
349	11730 
350	11747 
351	11751 
352	11812 
353	11819 
354	11829 
355	11879 
356	11880 
357	11886 
358	11918 
359	11922 
360	11951 
361	11965 
362	11977 
363	12002 
364	12029 
365	12058 
366	12090 
367	12107 
368	12112 
369	12136 
370	12191 
371	12206 
372	12208 
373	12249 
374	12378 
375	12404 
376	12417 
377	12435 
378	12447 
379	12474 
380	12480 
381	12503 
382	12515 
383	12539 
384	12564 
385	12632 
386	12646 
387	12651 
388	12687 
389	12700 
390	12708 
391	12814 
392	12825 
393	12850 
394	12885 
395	12908 
396	12958 
397	12973 
398	12990 
399	12994 
400	13002 
401	13062 
402	13172 
403	13173 
404	13210 
405	13297 
406	13317 
407	13318 
408	13358 
409	13375 
410	13379 
411	13424 
412	13503 
413	13543 
414	13550 
415	13580 
416	13583 
417	13593 
418	13602 
419	13634 
420	13685 
421	13703 
422	13764 
423	13837 
424	13851 
425	13857 
426	13864 
427	14009 
428	14012 
429	14020 
430	14142 
431	14187 
432	14213 
433	14292 
434	14301 
435	14348 
436	14353 
437	14361 
438	14436 
439	14454 
440	14459 
441	14551 
442	14625 
443	14635 
444	14653 
445	14696 
446	14725 
447	14739 
448	14800 
449	14913 
450	14931 
451	14951 
452	14991 
453	15048 
454	15203 
455	15239 
456	15270 
457	15272 
458	15276 
459	15281 
460	15290 
461	15308 
462	15308 
463	15353 
464	15377 
465	15380 
466	15417 
467	15437 
468	15490 
469	15522 
470	15590 
471	15591 
472	15636 
473	15681 
474	15725 
475	15782 
476	15880 
477	15918 
478	15922 
479	15945 
480	15945 
481	15963 
482	15974 
483	15980 
484	16030 
485	16040 
486	16054 
487	16065 
488	16140 
489	16239 
490	16250 
491	16310 
492	16433 
493	16456 
494	16509 
495	16526 
496	16538 
497	16539 
498	16643 
499	16670 
500	16684 
501	16686 
502	16692 
503	16692 
504	16729 
505	16781 
506	16781 
507	16804 
508	16833 
509	16836 
510	16857 
511	16882 
512	16886 
513	16897 
514	16911 
515	16973 
516	17008 
517	17015 
518	17034 
519	17036 
520	17109 
521	17121 
522	17126 
523	17160 
524	17185 
525	17194 
526	17259 
527	17278 
528	17298 
529	17306 
530	17320 
531	17350 
532	17377 
533	17401 
534	17401 
535	17407 
536	17514 
537	17587 
538	17602 
539	17611 
540	17661 
541	17667 
542	17679 
543	17683 
544	17699 
545	17757 
546	17789 
547	17804 
548	17804 
549	17805 
550	17866 
551	17875 
552	17891 
553	17944 
554	17948 
555	17962 
556	17979 
557	18012 
558	18042 
559	18064 
560	18090 
561	18094 
562	18159 
563	18234 
564	18239 
565	18239 
566	18287 
567	18291 
568	18296 
569	18382 
570	18404 
571	18426 
572	18433 
573	18433 
574	18434 
575	18456 
576	18495 
577	18507 
578	18547 
579	18555 
580	18651 
581	18743 
582	18789 
583	18845 
584	18846 
585	18851 
586	18869 
587	18900 
588	18946 
589	18949 
590	18988 
591	19120 
592	19168 
593	19171 
594	19172 
595	19177 
596	19207 
597	19213 
598	19225 
599	19319 
600	19370 
601	19371 
602	19398 
603	19405 
604	19497 
605	19503 
606	19503 
607	19586 
608	19589 
609	19650 
610	19659 
611	19680 
612	19722 
613	19770 
614	19778 
615	19842 
616	19842 
617	19854 
618	19861 
619	19960 
620	19968 
621	19974 
622	19981 
623	19993 
624	20124 
625	20220 
626	20264 
627	20381 
628	20610 
629	20643 
630	20678 
631	20698 
632	20756 
633	20780 
634	20786 
635	20865 
636	20906 
637	20946 
638	21031 
639	21061 
640	21113 
641	21158 
642	21198 
643	21258 
644	21275 
645	21350 
646	21356 
647	21373 
648	21399 
649	21422 
650	21477 
651	21509 
652	21557 
653	21571 
654	21727 
655	21762 
656	21789 
657	21800 
658	21807 
659	21835 
660	21839 
661	21864 
662	21865 
663	21873 
664	21894 
665	21900 
666	21912 
667	21981 
668	22022 
669	22076 
670	22139 
671	22163 
672	22192 
673	22236 
674	22257 
675	22271 
676	22280 
677	22314 
678	22319 
679	22422 
680	22422 
681	22435 
682	22441 
683	22475 
684	22487 
685	22507 
686	22519 
687	22557 
688	22565 
689	22567 
690	22599 
691	22613 
692	22619 
693	22633 
694	22635 
695	22635 
696	22650 
697	22668 
698	22705 
699	22806 
700	22902 
701	22915 
702	22939 
703	23016 
704	23060 
705	23119 
706	23120 
707	23120 
708	23141 
709	23164 
710	23210 
711	23267 
712	23333 
713	23349 
714	23355 
715	23390 
716	23414 
717	23480 
718	23484 
719	23492 
720	23496 
721	23515 
722	23530 
723	23613 
724	23661 
725	23687 
726	23785 
727	23825 
728	23879 
729	23897 
730	23920 
731	23957 
732	24015 
733	24163 
734	24192 
735	24202 
736	24278 
737	24290 
738	24292 
739	24318 
740	24421 
741	24444 
742	24464 
743	24472 
744	24473 
745	24485 
746	24489 
747	24508 
748	24541 
749	24578 
750	24599 
751	24617 
752	24720 
753	24759 
754	24920 
755	24925 
756	25025 
757	25050 
758	25070 
759	25103 
760	25145 
761	25152 
762	25191 
763	25194 
764	25195 
765	25216 
766	25271 
767	25393 
768	25394 
769	25396 
770	25424 
771	25454 
772	25470 
773	25496 
774	25500 
775	25534 
776	25557 
777	25643 
778	25681 
779	25696 
780	25742 
781	25768 
782	25774 
783	25788 
784	25796 
785	25807 
786	25813 
787	25822 
788	25841 
789	25875 
790	25893 
791	25946 
792	25962 
793	25998 
794	26030 
795	26033 
796	26064 
797	26087 
798	26144 
799	26299 
800	26310 
801	26331 
802	26368 
803	26389 
804	26410 
805	26414 
806	26472 
807	26495 
808	26510 
809	26591 
810	26685 
811	26775 
812	26792 
813	26855 
814	26875 
815	26887 
816	26927 
817	26927 
818	26954 
819	27001 
820	27005 
821	27021 
822	27029 
823	27030 
824	27105 
825	27130 
826	27169 
827	27187 
828	27191 
829	27245 
830	27254 
831	27269 
832	27325 
833	27390 
834	27526 
835	27529 
836	27549 
837	27605 
838	27645 
839	27653 
840	27671 
841	27722 
842	27751 
843	27752 
844	27755 
845	27763 
846	27778 
847	27831 
848	27833 
849	27843 
850	27856 
851	27915 
852	27968 
853	28021 
854	28054 
855	28066 
856	28104 
857	28119 
858	28278 
859	28287 
860	28299 
861	28431 
862	28452 
863	28497 
864	28525 
865	28526 
866	28543 
867	28544 
868	28544 
869	28580 
870	28601 
871	28628 
872	28642 
873	28652 
874	28700 
875	28715 
876	28726 
877	28744 
878	28879 
879	28893 
880	28916 
881	28947 
882	28952 
883	28959 
884	29003 
885	29036 
886	29044 
887	29124 
888	29183 
889	29227 
890	29290 
891	29321 
892	29392 
893	29393 
894	29418 
895	29461 
896	29494 
897	29521 
898	29573 
899	29598 
900	29602 
901	29618 
902	29680 
903	29705 
904	29734 
905	29737 
906	29749 
907	29793 
908	29818 
909	29819 
910	29820 
911	29825 
912	29836 
913	29845 
914	29879 
915	29907 
916	29935 
917	29950 
918	29976 
919	29992 
920	30000 
921	30001 
922	30126 
923	30155 
924	30229 
925	30271 
926	30281 
927	30291 
928	30310 
929	30320 
930	30335 
931	30350 
932	30356 
933	30418 
934	30431 
935	30607 
936	30620 
937	30702 
938	30722 
939	30724 
940	30850 
941	30933 
942	30944 
943	31002 
944	31037 
945	31088 
946	31124 
947	31133 
948	31181 
949	31224 
950	31263 
951	31268 
952	31274 
953	31275 
954	31308 
955	31343 
956	31343 
957	31383 
958	31393 
959	31427 
960	31531 
961	31552 
962	31559 
963	31563 
964	31568 
965	31586 
966	31617 
967	31624 
968	31708 
969	31846 
970	31890 
971	31897 
972	31900 
973	31909 
974	31911 
975	31934 
976	31946 
977	31958 
978	32011 
979	32140 
980	32154 
981	32171 
982	32230 
983	32281 
984	32285 
985	32287 
986	32364 
987	32389 
988	32427 
989	32478 
990	32507 
991	32545 
992	32549 
993	32550 
994	32582 
995	32662 
996	32669 
997	32678 
998	32696 
999	32738 
Enter a value to search
0
----DERRICK ANNOR----